Mixing: [0.15647094352875918, 0.6031154042921058, 0.24041365217913507]
Means:  [5.77856375073954, 2.0219107240039005, 10.020595657552551]
FE:     4394.811825868004
