Mixing: [0.057748444242949094, 0.35996415448424307, 0.5822874012728078]
Means:  [5.581300515733697, 2.040696159447044, 9.950863148028109]
FE:     4365.26947030524
