Mixing: [0.007360818804959953, 0.4885755917559634, 0.5040635894390767]
Means:  [1.9062782061383063, 6.102529806195186, 10.002448321425959]
FE:     5395.18743390877
