Mixing: [0.2950352666501037, 0.3143755188228069, 0.3905892145270892]
Means:  [6.070732931684001, 2.1309778459501967, 10.003417004697527]
FE:     5613.346508463816
