Mixing: [0.28729519924172786, 0.36427336723078474, 0.3484314335274875]
Means:  [5.862337898807052, 2.1172093460836776, 10.0302682818498]
FE:     5531.503779349372
