Mixing: [0.272960167137847, 0.44593252314782633, 0.2811073097143266]
Means:  [5.806145105462789, 2.0390520364748714, 10.066107778659994]
FE:     5240.740566572484
