Mixing: [0.16682564740801867, 0.5969927718484351, 0.23618158074354603]
Means:  [5.784536101287668, 2.011387858535136, 10.004025273405285]
FE:     4371.15174464932
