Mixing: [0.27367671586718917, 0.36940326924800015, 0.3569200148848107]
Means:  [5.793109330246604, 2.1433009494825694, 10.002980055178261]
FE:     5539.457063037324
