Mixing: [0.009619900449517542, 0.5947626849820542, 0.3956174145684284]
Means:  [5.228699269207075, 5.051640382352436, 9.946452397791976]
FE:     5814.7784166681595
