Mixing: [0.24067578566689143, 0.33226310336996284, 0.4270611109631458]
Means:  [5.836005306608953, 2.1805932572263202, 10.014466047801049]
FE:     5591.111447407326
