Mixing: [0.2306942877415488, 0.519141993631089, 0.2501637186273621]
Means:  [6.446957168233521, 2.7213811703063393, 10.097304970021387]
FE:     5849.060332631241
