Mixing: [0.05425850522516401, 0.3611852125125595, 0.5845562822622764]
Means:  [5.528270197549596, 2.0515968661089397, 9.972341118746687]
FE:     4373.606888367682
