Mixing: [0.007649927329417025, 0.4861013821341402, 0.5062486905364428]
Means:  [3.6743241469598455, 6.034527872100487, 9.99686531495195]
FE:     5419.309959074915
