Mixing: [0.39692368072375694, 0.39046072514058006, 0.212615594135663]
Means:  [6.022745435989862, 2.0716305043627274, 10.051989476553029]
FE:     5637.531952364032
