Mixing: [0.28201561384165524, 0.4790401471486125, 0.23894423900973225]
Means:  [6.433009522907628, 2.4068936647867036, 10.080442960947833]
FE:     5808.952427124015
