Mixing: [0.2615493197218004, 0.33067418423205003, 0.40777649604614946]
Means:  [6.000998980064465, 2.202267986549393, 9.966462780390405]
FE:     5649.966584174534
