Mixing: [0.2514602036819713, 0.4531193466696821, 0.2954204496483467]
Means:  [5.655542934468697, 2.048204094537452, 10.05117029581259]
FE:     5266.7575724966155
