Mixing: [0.04293566312288455, 0.5522204060761425, 0.40484393080097286]
Means:  [6.985981305246463, 4.761228441179007, 9.964713151641371]
FE:     5853.155208147204
