Mixing: [0.26859465111517156, 0.31051310646268204, 0.42089224242214635]
Means:  [5.7347958364717515, 2.082535332998558, 10.001516452490431]
FE:     5548.252127447475
