Mixing: [0.38468599223085725, 0.38134910000083305, 0.23396490776830978]
Means:  [5.858662971170959, 2.09163625326407, 10.08557783931033]
FE:     5636.836302467287
