Mixing: [0.43628356701933746, 0.5637164329806625]
Means:  [0.33874631499653246, 0.33213681539230294]
FE:     -3009.569294116389
