Mixing: [0.5406636159903376, 0.4593363840096624]
Means:  [0.33736564955347265, 0.33101743791772353]
FE:     -2819.3164431051273
