Mixing: [0.45477746835858657, 0.5452225316414134]
Means:  [0.3415018991323377, 0.3323441790575607]
FE:     -3002.263726546371
