Mixing: [0.41498120548175843, 0.5850187945182416]
Means:  [0.33310863824067183, 0.33298647535450376]
FE:     -3108.6387577243777
