Mixing: [0.01174541672812551, 0.9882545832718745]
Means:  [0.35339595891957243, 0.3344542536062566]
FE:     -4720.642728351466
