Mixing: [0.3912611583131947, 0.6087388416868053]
Means:  [0.33958106950609107, 0.3333709942218787]
FE:     -3238.9588159864334
