Mixing: [0.6942947461758315, 0.3057052538241685]
Means:  [0.3286980537423577, 0.3339790198679145]
FE:     -2446.1082955301617
