Mixing: [0.2665663338684656, 0.7334336661315343]
Means:  [0.321457440225492, 0.3313965082482919]
FE:     -3719.616058122083
