Mixing: [0.01137084735772292, 0.988629152642277]
Means:  [0.35507997508726324, 0.3346549817450956]
FE:     -4722.200717539892
