Mixing: [0.6910894847169323, 0.30891051528306773]
Means:  [0.3351868617082867, 0.33513394731449303]
FE:     -2458.041318109478
