Mixing: [0.41694994287305953, 0.5830500571269406]
Means:  [0.3286244132230823, 0.3351634073162465]
FE:     -3199.580299850789
