Mixing: [0.5469726037088216, 0.4530273962911784]
Means:  [0.3374831691819388, 0.33092844124980303]
FE:     -2830.473160806486
