Mixing: [0.3997957506776358, 0.6002042493223642]
Means:  [0.3293869495366883, 0.3345655860189893]
FE:     -3192.806796327892
