Mixing: [0.39395373290263863, 0.6060462670973613]
Means:  [0.3353890517712713, 0.33383796464795784]
FE:     -3197.4191852271333
