Mixing: [0.3896983362045464, 0.6103016637954536]
Means:  [0.3343186366380475, 0.33318535915289255]
FE:     -3205.4950468588104
