Mixing: [0.41492788309516054, 0.5850721169048396]
Means:  [0.3354191480826809, 0.33162782417752845]
FE:     -3115.93765972497
