Mixing: [0.8370930151584394, 0.16290698484156066]
Means:  [0.3297660548316079, 0.33611726628757405]
FE:     -2289.233335811361
