Mixing: [0.2347646448262513, 0.7652353551737486]
Means:  [0.3258088269343862, 0.3319299247633346]
FE:     -3722.1532411049257
