Mixing: [0.8136272498845506, 0.18637275011544935]
Means:  [0.33176952592173553, 0.3334056696268278]
FE:     -2274.549697244876
