Mixing: [0.36763848130386906, 0.6323615186961308]
Means:  [0.34021303290621524, 0.33312618534878613]
FE:     -3233.945695273021
