Mixing: [0.40203844297193786, 0.5979615570280621]
Means:  [0.33591626716908973, 0.3333730428245588]
FE:     -3168.2574335825884
