Mixing: [0.013516096279838534, 0.9864839037201615]
Means:  [0.37011229367787957, 0.33417586969091617]
FE:     -4681.730904718026
