Mixing: [0.24009813337056818, 0.7599018666294319]
Means:  [0.32256897077834307, 0.33129578237284646]
FE:     -3657.195704326612
