Mixing: [0.7245164511699804, 0.2754835488300196]
Means:  [0.3315177547133222, 0.327779773441483]
FE:     -2406.4399222878383
