Mixing: [0.41257691978066574, 0.5874230802193344]
Means:  [0.32643073438245723, 0.3343116711913155]
FE:     -3160.251571399178
