Mixing: [0.4491772554936967, 0.5508227445063034]
Means:  [0.34154119859244303, 0.3327981728274879]
FE:     -2965.154112435377
