Mixing: [0.013418950949013318, 0.9865810490509866]
Means:  [0.3527044445386759, 0.33456775464318395]
FE:     -4685.615232226028
