Mixing: [0.4051545677215194, 0.5948454322784805]
Means:  [0.39731390688036267, 0.39923477399602514]
FE:     -0.13665577285121344
