Mixing: [0.4356165477380851, 0.564383452261915]
Means:  [0.3332375088705833, 0.3330624889731356]
FE:     -3071.0634999936665
