Mixing: [0.4074237396963177, 0.5925762603036824]
Means:  [0.33543403878599193, 0.3327536653200651]
FE:     -3189.8616469735807
