Mixing: [0.8096190118664799, 0.1903809881335201]
Means:  [0.3080593909009392, 0.43562052386048283]
FE:     -2222.038578297952
