Mixing: [0.41411005168001475, 0.5858899483199853]
Means:  [0.32738855845292564, 0.3345659966733208]
FE:     -3155.9119987811455
