Mixing: [0.013433271840575052, 0.986566728159425]
Means:  [0.3528292549305354, 0.33447285396784815]
FE:     -4685.4852139045015
