Mixing: [0.4427206940110794, 0.5572793059889207]
Means:  [0.34010446219027324, 0.3335607719243635]
FE:     -2928.7427297479717
