Mixing: [0.43197495704583305, 0.568025042954167]
Means:  [0.33321332290973954, 0.33295016322349275]
FE:     -3065.390163350905
