Mixing: [0.4028377494251113, 0.5971622505748889]
Means:  [0.3337190498071639, 0.33376276098279]
FE:     -3165.4280758322693
