Mixing: [0.551056703837712, 0.4489432961622881]
Means:  [0.3311848678777634, 0.3383204709758517]
FE:     -2782.0118749271824
