Mixing: [0.40220964483639476, 0.5977903551636053]
Means:  [0.34005446829252345, 0.3332542537817766]
FE:     -3194.0932772179613
