Mixing: [0.40922560865378615, 0.5907743913462139]
Means:  [0.3290402011449908, 0.3349427456446067]
FE:     -3157.2876743135075
