Mixing: [0.5531308413538799, 0.44686915864612015]
Means:  [0.33226316524819477, 0.3433467119809712]
FE:     -2786.582724328193
