Mixing: [0.80805571276575, 0.19194428723425003]
Means:  [0.334217478186409, 0.3368836370368982]
FE:     -2259.21813334318
