Mixing: [0.4605533942205449, 0.5394466057794551]
Means:  [0.3326699676767602, 0.3360979644472734]
FE:     -2914.7560046216604
