Mixing: [0.2324439665413541, 0.7675560334586459]
Means:  [0.3258339266359837, 0.33205958632346116]
FE:     -3688.3916419642583
