Mixing: [0.40375200837439823, 0.5962479916256018]
Means:  [0.33542330858119057, 0.3339078553478534]
FE:     -3160.7853905518014
