Mixing: [0.45053627778846117, 0.5494637222115389]
Means:  [0.34170010823199853, 0.3324895844147413]
FE:     -2965.6831565086923
