Mixing: [0.7272756500013735, 0.2727243499986266]
Means:  [0.3329154687459474, 0.32603287367051365]
FE:     -2407.0118604317577
