Mixing: [0.7239468394731648, 0.2760531605268352]
Means:  [0.3310224476120364, 0.3341699381187134]
FE:     -2403.4494267250975
