Mixing: [0.5519941330390151, 0.448005866960985]
Means:  [0.33222146353043497, 0.3425461568006297]
FE:     -2790.1589400917037
