Mixing: [0.4320568187255285, 0.5679431812744717]
Means:  [0.3305063215053752, 0.3349094636908648]
FE:     -3052.385333410901
