Mixing: [0.40274117329174536, 0.5972588267082547]
Means:  [0.33542087446631813, 0.3339964872791206]
FE:     -3160.81253785634
