Mixing: [0.41149547731581604, 0.588504522684184]
Means:  [0.3338899053537003, 0.3375105307557596]
FE:     -3139.7419797832545
