Mixing: [0.4345190985461547, 0.5654809014538454]
Means:  [0.33307644608463227, 0.3332639837949389]
FE:     -3070.862083083184
