Mixing: [0.23307531835807518, 0.766924681641925]
Means:  [0.32592540503434697, 0.3319208946984856]
FE:     -3687.7515446644084
