Mixing: [0.240200656345238, 0.7597993436547621]
Means:  [0.334625327668192, 0.3328448657423978]
FE:     -3650.7675461262006
