Mixing: [0.8078426534568197, 0.19215734654318026]
Means:  [0.32931765993101053, 0.3439500379458314]
FE:     -2243.4868441741146
