Mixing: [0.7245100972236652, 0.27548990277633467]
Means:  [0.33155664639483373, 0.32767436559853874]
FE:     -2406.4386178433833
