Mixing: [0.4033737320359726, 0.5966262679640274]
Means:  [0.3400569279558245, 0.33310433536892153]
FE:     -3194.181474866855
