Mixing: [0.5527407183618744, 0.44725928163812567]
Means:  [0.3316472891045975, 0.3381665435297007]
FE:     -2781.7868378696844
