Mixing: [0.4101412124426225, 0.5898587875573775]
Means:  [0.32930616763425274, 0.3348275258507435]
FE:     -3157.1837038656713
