Mixing: [0.8078456741873616, 0.19215432581263844]
Means:  [0.3293554367435501, 0.34379795014663733]
FE:     -2243.4861837341014
