Mixing: [0.013594722141735495, 0.9864052778582645]
Means:  [0.3225324997954684, 0.33533936987095214]
FE:     -4682.2890905052245
