Mixing: [0.4005591054313019, 0.3266773883187221, 0.23722041587965303, 0.03554309037032292]
Means:  [2.0024131875922606, 4.008640755015073, 6.004401595560492, 7.992981681835254]
FE:     2304.861478179675
