Mixing: [0.22444089456868857, 0.28674121529872126, 0.2116791980464087, 0.2771386920861814]
Means:  [1.9908749934353884, 4.001956562841065, 6.025543914276384, 7.982466660833687]
FE:     3145.2960021581894
