Mixing: [0.26956869009582174, 0.372603828888907, 0.34903151586969994, 0.008795965145571166]
Means:  [2.000020087860544, 4.010373516224144, 6.001510035792467, 8.056749798597012]
FE:     2339.764507597207
