Mixing: [0.003993610223799532, 0.33746006419825647, 0.3599533893107415, 0.2985929362672025]
Means:  [2.0068318653091555, 4.002261024948734, 6.01578599283686, 8.02835121459071]
FE:     2789.301055732216
