Mixing: [0.34065495207666974, 0.08306712590820384, 0.5587059939746634, 0.017571928040463064]
Means:  [2.0006225047642263, 4.000525564654872, 5.989571438346377, 8.047796919381888]
FE:     1956.120445963723
