Mixing: [0.34065495207667, 0.08306711610418162, 0.558705971523216, 0.017571960295932457]
Means:  [1.9986844732103468, 4.003766768534794, 5.986859749320178, 8.045121339436871]
FE:     1953.9780548511444
