Mixing: [0.12420127795527017, 0.4189297163549386, 0.38658446648698536, 0.07028453920280597]
Means:  [1.9873437038372674, 3.992592792979608, 5.999133623000351, 7.948002556297286]
FE:     2618.063407554615
