Mixing: [0.21206070287539575, 0.3079073521212364, 0.12380642173711846, 0.35622552326624934]
Means:  [1.997349226758006, 4.003104719211386, 6.005881413375192, 8.002510718451607]
FE:     2949.30066127638
