Mixing: [0.4828274760383404, 0.17971246448215197, 0.18091051308985218, 0.15654954638965546]
Means:  [2.0010020894193836, 3.990783884617096, 5.99143833554004, 7.998774092218491]
FE:     2488.28969360896
