Mixing: [0.40055910543130174, 0.32667739083901653, 0.23722044463107175, 0.035543059098609706]
Means:  [2.0032211846654473, 4.006957559015932, 6.005775747657052, 8.013598157610968]
FE:     2303.0701955089207
