Mixing: [0.12420127795527022, 0.4189297154362174, 0.3865818758424999, 0.07028713076601253]
Means:  [1.983060142705231, 3.988705156983174, 6.004428773563225, 7.971999740184748]
FE:     2617.8712572584045
