Mixing: [0.2120607028753959, 0.30790735096485583, 0.1238051754856832, 0.35622677067406516]
Means:  [2.000221255684609, 4.00302094158466, 6.000974524514493, 8.00113678336206]
FE:     2949.5310510402487
