Mixing: [0.003993610223801986, 0.3374600643260178, 0.36001423708801067, 0.2985320883621695]
Means:  [1.9993780506513004, 4.002144871357667, 6.012755141320439, 8.014947397380961]
FE:     2789.241596696622
