Mixing: [0.4828274760383404, 0.17971246448873449, 0.18091041818860554, 0.1565496412843195]
Means:  [2.0007910077205286, 3.993973516651771, 6.003967258239527, 8.018394280548396]
FE:     2497.9426434757406
