Mixing: [0.22444089456868868, 0.286741214224141, 0.21167294798940445, 0.2771449432177657]
Means:  [1.994943640285029, 4.008874307180336, 6.016588997867871, 8.01521286816798]
FE:     3139.095074914214
