Mixing: [0.1944888178913736, 0.27795528466943464, 0.10652968169406148, 0.42102621574513033]
Means:  [2.000369851047912, 4.005403660894095, 6.032928420486281, 7.995730058100681]
FE:     2978.7663272111167
