Mixing: [0.19448881789137296, 0.2779552833289887, 0.10654603371111468, 0.4210098650685234]
Means:  [1.9986249123773978, 3.999585881403574, 6.02962397787225, 7.991335337014513]
FE:     2979.1861977868793
