Mixing: [0.184504792332266, 0.2615814693606404, 0.283489196116033, 0.27042454219106066]
Means:  [1.999708427391672, 3.9853388140119477, 5.989743338891251, 8.019609985182086]
FE:     3212.4138662816877
