Mixing: [0.2695686900958211, 0.37260382822691007, 0.3490343877252315, 0.008793093952037492]
Means:  [1.9977480685966549, 4.008788556894865, 5.996856525706465, 8.052007157417338]
FE:     2341.708897232518
