Mixing: [0.1845047923322659, 0.2615814693967817, 0.28349169873399116, 0.2704220395369613]
Means:  [2.000132007314609, 3.9877065294147767, 5.999184441257648, 8.008766359717582]
FE:     3213.948728071271
