Mixing: [0.28207569232904006, 0.34214814037618, 0.37577616729477986]
Means:  [6.123494890813196, 2.0752897349669084, 9.977794632900473]
FE:     5424.751516980854
