Mixing: [0.26653923630510445, 0.38542183419481213, 0.3480389295000834]
Means:  [2.0242802702490734, 9.96964164755496, 5.929810351942888]
FE:     5483.370098993364
