Mixing: [0.39666193266396205, 0.08825740754811702, 0.5150806597879208]
Means:  [9.941850327232078, 1.9719713644722954, 2.688672315782518]
FE:     4902.152065150884
