Mixing: [0.3964867427552692, 0.08844534137335003, 0.5150679158713808]
Means:  [9.945470984252948, 1.9720016647368876, 2.7057365172717933]
FE:     4902.2434729836095
