Mixing: [0.14851359030004674, 0.43678272769202375, 0.41470368200792945]
Means:  [10.03001018859206, 8.912314028925067, 3.6035527157078535]
FE:     5984.835365691804
