Mixing: [0.32989921215983214, 0.4791966997440869, 0.19090408809608078]
Means:  [1.9923570369883508, 5.796994623468866, 10.04920846055089]
FE:     5469.98903824843
