Mixing: [0.4119176859219263, 0.33618790442849467, 0.25189440964957915]
Means:  [1.9707702672283969, 5.618444270924688, 10.040092892088698]
FE:     5079.220018690452
