Mixing: [0.1349943523531884, 0.43001890023758943, 0.4349867474092222]
Means:  [10.001436054534173, 9.694962824244127, 4.219441378315331]
FE:     5973.937522117565
