Mixing: [0.32841418987041576, 0.4777196465348701, 0.1938661635947143]
Means:  [9.697745295328543, 2.394204800754453, 5.799801696673375]
FE:     5763.852201763737
