Mixing: [0.4052184099521514, 0.34469452283595337, 0.25008706721189533]
Means:  [5.647927145691108, 1.9774848307624002, 10.017626386589631]
FE:     5085.716249124554
