Mixing: [0.32468621851556767, 0.3873341642131974, 0.28797961727123494]
Means:  [2.172377860745413, 9.680757833103874, 5.270470230364369]
FE:     5713.953943130371
