Mixing: [0.01727990565271702, 0.4549241866655794, 0.5277959076817037]
Means:  [2.64989757834406, 5.0936221015586876, 9.728574630113762]
FE:     6117.434971261318
