Mixing: [0.4071198915966992, 0.3420934671864919, 0.2507866412168088]
Means:  [5.420011368776417, 1.9766255862223356, 10.045174739609399]
FE:     5100.159202729854
