Mixing: [0.27519830115400595, 0.34968943493316235, 0.37511226391283164]
Means:  [1.9957086371199224, 5.937339011762368, 9.995012812563612]
FE:     5382.615730734731
