Mixing: [0.006911893773664618, 0.5044420487459697, 0.48864605748036577]
Means:  [12.337958985082475, 9.985484357054116, 5.786379978794375]
FE:     5462.053357495548
