Mixing: [0.3407597266214063, 0.46771630455515156, 0.19152396882344214]
Means:  [9.175338733777828, 2.143835614159389, 4.870295731270053]
FE:     5729.560490037518
