Mixing: [0.3286641029543097, 0.4762965866623933, 0.19503931038329694]
Means:  [9.65634179539276, 2.35948351078767, 5.748597240352887]
FE:     5748.84626366866
