Mixing: [0.5140651771240584, 0.29441405673200516, 0.19152076614393643]
Means:  [9.752891674265449, 2.0205057865903364, 5.417115060086308]
FE:     5182.3750630716895
