Mixing: [0.3247638314931612, 0.3874030737471227, 0.28783309475971613]
Means:  [2.1693280062272002, 9.699262953777085, 5.292706625134491]
FE:     5717.968157208423
