Mixing: [0.14664760530691845, 0.43669259983399944, 0.41665979485908206]
Means:  [10.030075595783076, 8.940987952060421, 3.6417941353560717]
FE:     5985.762788334447
