Mixing: [0.3171021159944215, 0.3688309059385837, 0.3140669780669948]
Means:  [2.049621197888539, 5.880238005391163, 10.031705914804904]
FE:     5526.511695365058
