Mixing: [0.3411929612407051, 0.45663368331873694, 0.20217335544055806]
Means:  [5.64096067086021, 2.0296042289565426, 9.973420480651015]
FE:     5609.909660006
