Mixing: [0.31741410345493937, 0.36735421952304315, 0.31523167702201743]
Means:  [2.051882771560584, 5.821519877345772, 10.02820098451601]
FE:     5527.8751665784075
