Mixing: [0.5450835037700847, 0.20594791126785833, 0.24896858496205712]
Means:  [2.1013779970228317, 1.7435564116003872, 8.216752633637553]
FE:     4977.979960833443
