Mixing: [0.27034237971354547, 0.39758137478301714, 0.3320762455034374]
Means:  [2.0676061717849588, 9.862553870242332, 5.3597271853088175]
FE:     5593.289020862561
