Mixing: [0.4048922118567855, 0.34467719369801336, 0.2504305944452011]
Means:  [5.628430804957725, 1.9766910839272933, 10.015005831156369]
FE:     5085.646619595573
