Mixing: [0.270571265847454, 0.39697338125311743, 0.3324553528994287]
Means:  [2.054914313884604, 9.898553040836937, 5.479828399925467]
FE:     5592.187633567963
