Mixing: [0.2666044017044776, 0.38406955587212194, 0.34932604242340043]
Means:  [2.0252878120414395, 9.976056066574724, 6.001089743055448]
FE:     5483.47601520332
