Mixing: [0.28919933425972905, 0.18464441955124455, 0.5261562461890265]
Means:  [5.196598739276955, 9.920019860509475, 2.066015868591262]
FE:     6146.763771260106
