Mixing: [0.27509909430954677, 0.34929865643661506, 0.3756022492538383]
Means:  [1.9943436749062255, 5.908321488140521, 9.99347340699224]
FE:     5382.568430634681
