Mixing: [0.34006998742569194, 0.4671127091360467, 0.1928173034382614]
Means:  [9.136896835360004, 2.1494476572755996, 4.948665942395025]
FE:     5721.344827310088
