Mixing: [0.13078183277980115, 0.4278169803618232, 0.4414011868583757]
Means:  [9.868433475066041, 9.871068298024484, 4.470933523358984]
FE:     5957.498368697132
