Mixing: [0.3313789912886238, 0.3703638341514831, 0.2982571745598931]
Means:  [3.6514499889367036, 9.915265439363544, 6.332318366185947]
FE:     6841.027346694867
