Mixing: [0.5451874395132852, 0.2057943052972522, 0.24901825518946274]
Means:  [2.1020492246026508, 1.7380269046982726, 8.211529601718892]
FE:     4978.554115028015
