Mixing: [0.006907485445423161, 0.5056771708164967, 0.48741534373808004]
Means:  [12.50630841787161, 9.9850943587806, 5.822204901956699]
FE:     5463.459003575241
