Mixing: [0.015809783124462868, 0.4568720308793279, 0.5273181859962094]
Means:  [2.484312890548845, 5.096752862174166, 9.728804421770418]
FE:     6095.533168645496
