Mixing: [0.4877725865427052, 0.2932021807160596, 0.2190252327412352]
Means:  [5.551546186318565, 2.014167955093287, 9.90077367950152]
FE:     5400.383728756868
