Mixing: [0.32938793356989204, 0.4796556580042837, 0.19095640842582418]
Means:  [1.9906196898583506, 5.787961976490574, 10.040640949202022]
FE:     5469.51922644415
