Mixing: [0.28887497122352457, 0.1847670676452634, 0.526357961131212]
Means:  [5.259257959581319, 9.883159998088786, 2.0429093819911976]
FE:     6176.716486959827
