Mixing: [0.34145270793284754, 0.4564413384069248, 0.2021059536602276]
Means:  [5.633552690391192, 2.0271415206238554, 9.978986172398132]
FE:     5609.024814767225
