Mixing: [0.2237844092667126, 0.2783501164313276, 0.23607484210830862, 0.2617906321936513]
Means:  [6.039218277698417, 3.9990791027228676, 8.012893996036034, 1.9883782990325531]
FE:     3937.804118387081
