Mixing: [0.3824732683797322, 0.3140144647890302, 0.26207864785268714, 0.04143361897855037]
Means:  [3.9894797760380794, 6.18769839805431, 2.0076907702931903, 2.0275866280486]
FE:     3281.627778347509
