Mixing: [0.004798117600175323, 0.3493638398265384, 0.34082185254034264, 0.30501619003294367]
Means:  [6.155356368276505, 7.085807745626072, 6.562752763155292, 3.9958822231748026]
FE:     4099.132589573237
