Mixing: [0.21038678995812926, 0.2598936916685208, 0.2746805677205888, 0.25503895065276116]
Means:  [3.990112486135729, 6.885639114989137, 6.984193759211635, 2.0136021006100857]
FE:     4507.539674992062
