Mixing: [0.38347853125570674, 0.32906322160269014, 0.24802635814089571, 0.03943188900070744]
Means:  [4.017043247387772, 1.99304929455821, 6.229000495044851, 1.9823526710007915]
FE:     3216.536320024301
