Mixing: [0.34639548907639783, 0.11997014804875117, 0.5141104446061456, 0.019523918268705445]
Means:  [5.621137047519046, 6.001348073243992, 2.0004320536858904, 6.010115660848992]
FE:     3162.3601040747963
