Mixing: [0.004845242677615302, 0.35691466772573976, 0.33860894870853014, 0.2996311408881149]
Means:  [6.61221555387444, 7.005983327123576, 4.017037601148176, 6.548235024508991]
FE:     4280.497096345251
