Mixing: [0.20840300298872652, 0.23962399005603172, 0.1264745484894499, 0.42549845846579193]
Means:  [4.0005508190933785, 6.037917197147146, 1.9986908564226118, 7.993962135861524]
FE:     3698.21933919374
