Mixing: [0.262991728750282, 0.38131463961162304, 0.34727182433680465, 0.008421807301290309]
Means:  [1.9818163609857182, 4.01734418197792, 6.048071684686225, 7.294039120584756]
FE:     3131.285386013791
