Mixing: [0.2119659027901883, 0.2619082896908683, 0.2710868002952333, 0.25503900722371003]
Means:  [3.985312019416751, 5.993438836793766, 8.021886840872396, 2.0002744869885882]
FE:     3726.7499929029145
