Mixing: [0.23163883376099748, 0.2920381606689542, 0.13219172973820767, 0.3441312758318408]
Means:  [3.9813621311817733, 2.0073047782795705, 8.040899427567355, 7.118639797009921]
FE:     4066.7262567869984
