Mixing: [0.21187748410647356, 0.2920381612755021, 0.15149928586889996, 0.34458506874912437]
Means:  [6.762857480684874, 2.000276180692315, 8.024011728955042, 4.001806561851274]
FE:     3858.3346768197152
