Mixing: [0.26299180813418505, 0.3814945298196064, 0.34657109519646984, 0.008942566849738608]
Means:  [1.9978156815570733, 4.009983470749636, 5.996778947425395, 7.8211383721561925]
FE:     2610.363728203716
