Mixing: [0.3858128727344436, 0.08163673986920444, 0.5141133716172355, 0.01843701577911645]
Means:  [5.997346865846839, 3.9813137390245177, 2.014671019519259, 7.33601817070105]
FE:     2966.955601081143
