Mixing: [0.16038771924708667, 0.4012573734820992, 0.36901453283903235, 0.06934037443178175]
Means:  [3.9923538064747177, 6.378888455064618, 3.377639382501328, 5.982250698835618]
FE:     4196.289449505166
