Mixing: [0.2629918081342218, 0.38149452250767796, 0.3465495114615631, 0.008964157896537124]
Means:  [1.9977888277561051, 4.008513892045538, 5.9958971042096705, 7.8087882303709595]
FE:     2607.4650504077
