Mixing: [0.16040173472026573, 0.40103929662185817, 0.3686482465131466, 0.06991072214472943]
Means:  [3.9920129077169526, 6.383104367054748, 3.357307592157034, 5.981636461952189]
FE:     4192.851804911952
