Mixing: [0.45796205397088213, 0.1998965809634753, 0.1777647687089036, 0.1643765963567389]
Means:  [6.934211019749379, 1.987863161844839, 3.992138317007516, 1.9996168532949425]
FE:     3438.442698417559
