Mixing: [0.004800371783118473, 0.34943666167787113, 0.3408720738793513, 0.30489089265965913]
Means:  [6.153243122211729, 7.089324230618675, 6.553821310072365, 3.994392629999959]
FE:     4098.765490873135
