Mixing: [0.15177324673881806, 0.40051280772523384, 0.38408168070680954, 0.06363226482913847]
Means:  [3.9763444777179515, 3.506357072488842, 5.992507984425237, 7.916366060549478]
FE:     4247.755215526944
