Mixing: [0.21045463788934402, 0.2597858990695816, 0.27472057708826897, 0.2550388859528054]
Means:  [3.986436467957499, 6.893927447955296, 6.911862907429303, 1.9649652554044854]
FE:     4532.1262051838785
