Mixing: [0.004775308461947609, 0.3521733992549417, 0.34012717236013046, 0.30292411992298046]
Means:  [6.856049882848531, 6.998169104575191, 6.527191922901324, 3.991140709979113]
FE:     4277.8706206087445
