Mixing: [0.22395710048480713, 0.2783515257652568, 0.23590074450000614, 0.2617906292499301]
Means:  [6.004814267889742, 4.040627583980835, 8.014197397226926, 1.9880274478371691]
FE:     3953.6237384014676
