Mixing: [0.4579933186524104, 0.19995002193436442, 0.17773350605494292, 0.16432315335828238]
Means:  [6.913808111724726, 2.004155085966935, 3.991636181591776, 2.0071612278320345]
FE:     3442.5522111579558
