Mixing: [0.21865370648753893, 0.29203815194311067, 0.15678597671769387, 0.33252216485165664]
Means:  [8.030330860510304, 2.001312857646362, 4.00318011479308, 6.888092619507025]
FE:     4176.863195807615
