Mixing: [0.20835871059368308, 0.23988671551687213, 0.12647454848735273, 0.4252800254020921]
Means:  [4.000207105869227, 6.0544037375278705, 1.999258646742798, 7.993337959254538]
FE:     3709.6595441166355
