Mixing: [0.2629917200360395, 0.381286524752961, 0.3472510695869242, 0.00847068562407518]
Means:  [1.983173602094159, 4.00552142492112, 6.029858834049799, 7.254201987878978]
FE:     3139.649863822189
