Mixing: [0.21193993882694387, 0.26176504192520755, 0.27125601202413874, 0.25503900722370976]
Means:  [3.98611241663401, 6.00170815190907, 8.023219661335492, 2.000312394046552]
FE:     3883.382186589275
