Mixing: [0.20834931354371428, 0.25713193147329616, 0.10828900956726033, 0.4262297454157291]
Means:  [4.008384107165167, 1.9987642428174135, 6.045534263635125, 7.969785252729173]
FE:     3895.535145763839
