Mixing: [0.21125622326277654, 0.29203816127768195, 0.15212859128545783, 0.34457702417408387]
Means:  [6.74287104583595, 2.000246747093262, 8.023455698029652, 4.001608771472623]
FE:     3859.426089294051
