Mixing: [0.34711005550918245, 0.11913123923395594, 0.5141106649162057, 0.01964804034065586]
Means:  [5.621717331304289, 6.002064922222163, 2.0008216857917747, 6.008685118870734]
FE:     3165.4042981372622
