Mixing: [0.22382621155328825, 0.2783706066157639, 0.23601245559019987, 0.26179072624074795]
Means:  [6.019336468372258, 4.008998070456788, 8.01507536724684, 1.9950153354267834]
FE:     3642.2728151689735
