Mixing: [0.22382936597773656, 0.27837082722690276, 0.23600908055423248, 0.2617907262411283]
Means:  [6.016835738259607, 4.009989401898043, 8.01444571404768, 1.9949979511216132]
FE:     3643.4916987680335
