Mixing: [0.38429444457630935, 0.3121931642359224, 0.2622831710689945, 0.04122922011877381]
Means:  [4.006953970702099, 6.252673157165597, 2.0028233345667745, 2.001332370352325]
FE:     2931.000341616331
