Mixing: [0.46369963561340766, 0.19902644010428777, 0.17217241478496323, 0.16510150949734145]
Means:  [5.043654019267608, 1.999417625123072, 8.003116433576452, 2.0009539501157145]
FE:     3614.955075729362
