Mixing: [0.14109232621757226, 0.40382714275788906, 0.3824665339007844, 0.07261399712375437]
Means:  [6.047716147560353, 3.9895434342758342, 4.569928909547689, 5.986560551719092]
FE:     4186.797924120801
