Mixing: [0.46372978868859094, 0.19899581168847608, 0.17214797456933792, 0.16512642505359504]
Means:  [5.045175716174194, 1.999430247190608, 8.003143840948749, 2.0008969059856336]
FE:     3614.74450305722
