Mixing: [0.38597062119216596, 0.08162892133081273, 0.5141133738641834, 0.018287083612837818]
Means:  [6.005802713914603, 4.001843134097943, 2.0003330961086103, 7.452941025377655]
FE:     2966.793852087081
