Mixing: [0.2076219299600435, 0.2513998493688174, 0.1264743204996305, 0.4145039001715087]
Means:  [4.010643213388409, 6.569121857786007, 1.9704722101486074, 7.995418348525844]
FE:     4043.752607715782
