Mixing: [0.38433521113328334, 0.31215239769623826, 0.26224849257222455, 0.041263898598254106]
Means:  [4.007809318815793, 6.253751542046429, 2.002717527877847, 1.9999790503693684]
FE:     2932.0983376865843
